blue: {hmax: 330, hmin: 177}
green: {hmax: 170, hmin: 130}
image:
  ROI_height: 370
  ROI_wdith: 640
  ROI_x: 0
  ROI_y: 0
  reg_x: [-0.016666666666666673, 3.516666666666668]
  reg_y: [-0.09999999999999999, 33.5]
red: {hmax: 80, hmin: 0}
