blue: {hmax: 291, hmin: 246}
green: {hmax: 158, hmin: 120}
image:
  ROI_height: 480
  ROI_wdith: 640
  ROI_x: 0
  ROI_y: 0
  reg_x: [0.0007413144500995795, 0.11628678911263549]
  reg_y: [0.0008080207898035937, -0.30640148349352275]
red: {hmax: 20, hmin: 0}
